YEAR MO DY HR MN   Hs   Tp   Dp    Depth   Ta    Pres   Wspd Wdir Temp   Temp  Cspd Cdir P
      UTC           m   sec  deg     m     sec    mB     m/s  deg Air(C) Sfc(C) m/s deg  f
2017 03 18 18 03  0.86 11.76 243           8.43                                          1
2017 03 18 18 33  0.75 10.53 267           8.26                           15.6           1
2017 03 18 19 03  0.78 20.00 213           8.44                           15.7           1
2017 03 18 19 33  0.76 11.76 247           8.23                           15.7           1
2017 03 18 20 03  0.81 11.11 250           8.73                           15.7           1
2017 03 18 20 33  0.81 11.11 261           8.68                           15.8           1
2017 03 18 21 03  0.73 11.76 244           8.49                           15.8           1
2017 03 18 21 33  0.85 11.76 258           8.76                           15.8           1
2017 03 18 22 03  0.87  9.88 264           8.66                           15.8           1
2017 03 18 22 33  0.82 10.53 264           8.54                           15.8           1
2017 03 18 23 03  0.86 10.53 264           8.87                           15.8           1
2017 03 18 23 33  0.81 10.53 264           8.61                           15.8           1
2017 03 19 00 03  0.90  9.88 269           9.04                           15.8           1
2017 03 19 00 33  0.76 11.76 247           8.50                           15.7           1
2017 03 19 01 03  0.78 13.33 237           8.43                           15.7           1
2017 03 19 01 33  0.78 11.76 238           8.80                           15.7           1
2017 03 19 02 03  0.75 10.53 251           8.61                           15.7           1
2017 03 19 02 33  0.75 20.00 195           8.83                           15.7           1
2017 03 19 03 03  0.73 10.53 248           8.70                           15.7           1
2017 03 19 03 33  0.78 10.53 237           8.61                           15.7           1
2017 03 19 04 03  0.77 11.76 248           8.40                           15.7           1
2017 03 19 04 33  0.78 20.00 206           8.43                           15.7           1
2017 03 19 05 03  0.69 20.00 212           7.47                           15.7           1
2017 03 19 05 33  0.70 20.00 209           7.55                           15.7           1
2017 03 19 06 03  0.73 12.50 254           7.15                           15.6           1
2017 03 19 06 33  0.76 11.76 233           7.81                           15.6           1
2017 03 19 07 03  0.77 20.00 205           8.19                           15.6           1
2017 03 19 07 33  0.67 11.11 248           6.90                           15.6           1
2017 03 19 08 03  0.69 20.00 198           7.29                           15.6           1
2017 03 19 08 33  0.75 20.00 193           8.45                           15.6           1
2017 03 19 09 03  0.74 20.00 196           8.21                           15.6           1
2017 03 19 09 33  0.71 11.11 251           8.18                           15.6           1
2017 03 19 10 03  0.70 20.00 205           8.19                           15.6           1
2017 03 19 10 33  0.68 14.29 230           8.49                           15.6           1
2017 03 19 11 03  0.71 18.18 203           9.01                           15.6           1
2017 03 19 11 33  0.75 13.33 238           9.17                           15.7           1
2017 03 19 12 03  0.73 12.50 272           9.17                           15.7           1
2017 03 19 12 33  0.72 11.76 267           9.15                           15.6           1
2017 03 19 13 03  0.80 18.18 216          10.34                           15.6           1
2017 03 19 13 33  0.73 18.18 207           9.90                           15.6           1
2017 03 19 14 03  0.75 11.76 276           9.75                           15.6           1
2017 03 19 14 33  0.69 11.76 282           9.50                           15.6           1
2017 03 19 15 03  0.75 18.18 215          10.00                           15.7           1
2017 03 19 15 33  0.72 12.50 285           9.75                           15.6           1
2017 03 19 16 03  0.79 11.76 281          10.25                           15.6           1
2017 03 19 16 33  0.80 18.18 215          10.61                           15.6           1
2017 03 19 17 03  0.74 12.50 293          10.14                           15.6           1
2017 03 19 17 33  0.79 11.11 286          10.43                           15.6           1
2017 03 19 18 03  0.73 18.18 215          10.14                           15.7           1
2017 03 19 18 33  0.73 18.18 199          10.06                           15.7           1
2017 03 19 19 03  0.76 18.18 195          10.66                           15.7           1
2017 03 19 19 33  0.87 18.18 198          11.40                           15.7           1
2017 03 19 20 03  0.77 11.11 279          10.33                           15.8           1
2017 03 19 20 33  0.74 12.50 276           9.21                           15.8           1
2017 03 19 21 03  0.83 18.18 196           9.65                           15.7           1
2017 03 19 21 33  0.80 18.18 206           9.62                           15.8           1
2017 03 19 22 03  0.84 11.76 283           9.43                           15.9           1
2017 03 19 22 33  0.83 18.18 200           9.77                           15.8           1
2017 03 19 23 03  0.92 18.18 191          10.42                           15.8           1
2017 03 19 23 33  0.88 11.76 282           9.48                           15.8           1
2017 03 20 00 03  0.86 13.33 238           9.81                           15.8           1
2017 03 20 00 33  0.77 18.18 191           9.67                           15.8           1
2017 03 20 01 03  0.85 18.18 188          10.62                           15.8           1
2017 03 20 01 33  0.80 18.18 198          10.15                           15.8           1
2017 03 20 02 03  0.86 18.18 209          10.86                           15.8           1
2017 03 20 02 33  0.90 11.11 276          10.82                           15.8           1
2017 03 20 03 03  0.83 10.53 279          10.33                           15.8           1
2017 03 20 03 33  0.86 18.18 196          10.59                           15.7           1
2017 03 20 04 03  0.83 11.76 281          10.06                           15.7           1
2017 03 20 04 33  0.86 18.18 212          10.61                           15.6           1
2017 03 20 05 03  0.89 11.76 288          10.42                           15.6           1
2017 03 20 05 33  0.89 13.33 285          10.84                           15.6           1
2017 03 20 06 03  1.00 11.11 290          10.95                           15.6           1
2017 03 20 06 33  1.00 13.33 281          10.82                           15.6           1
2017 03 20 07 03  1.05 11.11 282          10.83                           15.6           1
2017 03 20 07 33  1.12 13.33 278          11.31                           15.6           1
2017 03 20 08 03  1.05 12.50 292          10.96                           15.6           1
2017 03 20 08 33  1.04 11.76 289          10.47                           15.6           1
2017 03 20 09 03  1.19 10.53 292          10.67                           15.6           1
2017 03 20 09 33  1.23 16.67 212          11.09                           15.6           1
2017 03 20 10 03  1.25 11.11 285          10.44                           15.8           1
2017 03 20 10 33  1.13  9.88 286          10.53                           15.8           1
2017 03 20 11 03  1.23 10.53 292          10.03                           15.7           1
2017 03 20 11 33  1.32 12.50 285          10.36                           15.6           1
2017 03 20 12 03  1.27 11.76 292          10.42                           15.5           1
2017 03 20 12 33  1.18 11.76 289          10.00                           15.5           1
2017 03 20 13 03  1.20 11.76 295           9.88                           15.5           1
2017 03 20 13 33  1.13 12.50 289           9.68                           15.5           1
2017 03 20 14 03  1.16 10.53 282           9.49                           15.5           1
2017 03 20 14 33  1.32 12.50 271           9.82                           15.5           1
2017 03 20 15 03  1.18 16.67 198           9.42                           15.5           1
2017 03 20 15 33  1.22 11.76 295           8.96                           15.5           1
2017 03 20 16 03  1.19 11.11 286           8.93                           15.5           1
2017 03 20 16 33  1.12 12.50 282           8.81                           15.5           1
2017 03 20 17 03  1.19 16.67 186           9.47                           15.5           1
2017 03 20 17 33  1.10 11.76 292           9.16                           15.6           1
2017 03 20 18 03  0.98 16.67 200           9.15                           15.8           1
2017 03 20 18 33  0.91 13.33 248           8.37                           16.0           1
2017 03 20 19 03  0.96 16.67 202           8.78                           16.2           1
2017 03 20 19 33  1.06 16.67 202           9.31                           16.4           1
2017 03 20 20 03  0.96 16.67 195           9.08                           17.2           1
2017 03 20 20 33  1.03 16.67 203           9.44                           17.2           1
2017 03 20 21 03  0.94 12.50 264           9.02                           17.0           1
2017 03 20 21 33  0.91 12.50 262           9.02                           17.0           1
2017 03 20 22 03  0.96 12.50 258           9.04                           17.2           1
2017 03 20 22 33  0.97 16.67 189           9.06                           16.8           1
2017 03 20 23 03  0.91 16.67 196           9.17                           16.5           1
2017 03 20 23 33  0.92  9.88 288           8.72                           16.8           1
2017 03 21 00 03  1.06 16.67 203           9.56                           16.7           1
2017 03 21 00 33  1.14 16.67 191           9.78                           16.5           1
2017 03 21 01 03  1.01 16.67 186           8.54                           16.1           1
2017 03 21 01 33  1.01 12.50 245           8.45                           16.0           1
2017 03 21 02 03  1.01 15.38 191           8.43                           16.0           1
2017 03 21 02 33  0.89 15.38 196           7.98                           15.9           1
2017 03 21 03 03  0.92 15.38 202           7.97                           15.8           1
2017 03 21 03 33  1.01 16.67 196           8.35                           15.6           1
2017 03 21 04 03  1.01 11.76 264           8.25                           15.5           1
2017 03 21 04 33  0.96 15.38 202           8.34                           15.5           1
2017 03 21 05 03  1.11 15.38 207           9.09                           16.1           1
2017 03 21 05 33  0.91 15.38 196           8.20                           16.1           1
2017 03 21 06 03  0.90 15.38 206           8.42                           16.2           1
2017 03 21 06 33  1.03 15.38 200           9.29                           16.2           1
2017 03 21 07 03  0.96 15.38 212           8.74                           16.2           1
2017 03 21 07 33  0.91 11.76 276           8.59                           16.3           1
2017 03 21 08 03  0.99 15.38 206           9.62                           16.5           1
2017 03 21 08 33  0.88 15.38 212           8.98                           16.5           1
2017 03 21 09 03  0.89 11.11 276           9.03                           16.5           1
2017 03 21 09 33  0.93 15.38 209           9.69                           16.4           1
2017 03 21 10 03  0.92 15.38 212           9.82                           16.3           1
2017 03 21 10 33  0.89 11.76 274           9.52                           16.3           1
2017 03 21 11 03  0.99 15.38 207          10.68                           16.1           1
2017 03 21 11 33  0.85 15.38 212           9.84                           16.0           1
2017 03 21 12 03  0.92 15.38 220           8.65                           16.0           1
2017 03 21 12 33  0.92 15.38 196           7.48                           15.9           1
2017 03 21 13 03  0.87 10.53 272           7.03                           15.9           1
2017 03 21 13 33  0.99 15.38 215           7.50                           15.9           1
2017 03 21 14 03  0.89 15.38 207           6.58                           15.9           1
2017 03 21 14 33  0.92 15.38 226           6.61                           15.9           1
2017 03 21 15 03  1.03 15.38 210           6.47                           15.9           1
2017 03 21 15 33  1.00 15.38 202           6.28                           15.9           1
2017 03 21 16 03  0.99 15.38 199           5.42                           15.9           1
2017 03 21 16 33  0.98 15.38 210           5.14                           15.9           1
2017 03 21 17 03  0.95 15.38 212           4.90                           15.9           1
2017 03 21 17 33  1.04 15.38 223           5.26                           15.9           1
2017 03 21 18 03  1.04 15.38 216           5.21                           15.8           1
2017 03 21 18 33  1.00 15.38 209           5.02                           15.9           1
2017 03 21 19 03  0.98 15.38 202           5.16                           16.0           1
2017 03 21 19 33  1.02 15.38 213           5.38                           16.0           1
2017 03 21 20 03  1.03 15.38 207           4.96                           16.0           1
2017 03 21 20 33  1.10 15.38 215           5.33                           15.9           1
2017 03 21 21 03  1.09 15.38 219           5.29                           15.9           1
2017 03 21 21 33  1.04 15.38 202           4.87                           15.9           1
2017 03 21 22 03  1.07 14.29 205           5.28                           15.9           1
2017 03 21 22 33  1.10 15.38 200           4.96                           15.9           1
2017 03 21 23 03  1.16 15.38 184           5.24                           15.9           1
2017 03 21 23 33  1.24 15.38 199           5.53                           15.8           1
2017 03 22 00 03  1.15 15.38 215           5.14                           15.8           1
2017 03 22 00 33  1.21 15.38 200           5.58                           15.8           1
2017 03 22 01 03  1.20 11.11 264           5.50                           15.8           1
2017 03 22 01 33  1.23 15.38 189           5.56                           15.7           1
2017 03 22 02 03  1.23 14.29 202           5.66                           15.7           1
2017 03 22 02 33  1.34 15.38 196           5.94                           15.7           1
2017 03 22 03 03  1.25 14.29 198           5.90                           15.6           1
2017 03 22 03 33  1.26 15.38 185           5.84                           15.6           1
2017 03 22 04 03  1.25 15.38 199           6.05                           15.6           1
2017 03 22 04 33  1.26 15.38 195           6.07                           15.7           1
2017 03 22 05 03  1.28 14.29 203           5.93                           15.7           1
2017 03 22 05 33  1.20 14.29 188           6.13                           15.7           1
2017 03 22 06 03  1.17 11.11 255           5.99                           15.6           1
2017 03 22 06 33  1.21 14.29 191           6.49                           15.7           1
2017 03 22 07 03  1.12 14.29 196           6.72                           15.7           1
2017 03 22 07 33  1.11 16.67 230           6.45                           15.7           1
2017 03 22 08 03  1.13 14.29 195           6.40                           15.7           1
2017 03 22 08 33  1.19 16.67 281           7.04                           15.6           1
2017 03 22 09 03  1.12 14.29 205           6.75                           15.6           1
2017 03 22 09 33  1.09 14.29 226           6.60                           15.6           1
2017 03 22 10 03  1.22 15.38 223           7.74                           15.6           1
2017 03 22 10 33  1.17 16.67 271           7.14                           15.6           1
2017 03 22 11 03  1.14 16.67 245           6.40                           15.6           1
2017 03 22 11 33  1.13 16.67 262           6.69                           15.6           1
2017 03 22 12 03  1.14 16.67 265           6.32                           15.6           1
2017 03 22 12 33  1.14 15.38 236           6.29                           15.6           1
2017 03 22 13 03  1.14 16.67 241           5.97                           15.6           1
2017 03 22 13 33  1.22 15.38 250           6.26                           15.6           1
2017 03 22 14 03  1.22 14.29 206           6.11                           15.6           1
2017 03 22 14 33  1.23 16.67 260           6.00                           15.6           1
2017 03 22 15 03  1.29 15.38 222           6.20                           15.6           1
2017 03 22 15 33  1.27 15.38 281           5.75                           15.6           1
2017 03 22 16 03  1.30 15.38 269           5.91                           15.6           1
2017 03 22 16 33  1.25 15.38 224           5.61                           15.6           1
2017 03 22 17 03  1.28 15.38 244           5.81                           15.6           1
2017 03 22 17 33  1.31 16.67 226           5.89                           15.7           1
2017 03 22 18 03  1.20 15.38 224           5.50                           15.7           1
2017 03 22 18 33  1.30 14.29 202           5.84                           15.7           1
2017 03 22 19 03  1.23 16.67 196           5.74                           15.8           1
2017 03 22 19 33  1.19 16.67 269           5.88                           15.8           1
2017 03 22 20 03  1.28 16.67 236           5.88                           15.8           1
2017 03 22 20 33  1.31 15.38 243           5.88                           15.8           1
2017 03 22 21 03  1.29 14.29 216           6.26                           15.8           1
2017 03 22 21 33  1.28 14.29 219           6.22                           15.9           1
2017 03 22 22 03  1.25 16.67 198           6.02                           15.9           1
2017 03 22 22 33  1.19 14.29 216           5.50                           15.9           1
2017 03 22 23 03  1.18 16.67 237           5.83                           15.9           1
2017 03 22 23 33  1.19 14.29 205           5.76                           15.9           1
2017 03 23 00 03  1.36 15.38 227           6.39                           15.9           1
2017 03 23 00 33  1.27 15.38 252           5.99                           15.9           1
2017 03 23 01 03  1.35 16.67 241           6.00                           15.9           1
2017 03 23 01 33  1.47 14.29 227           5.92                           15.9           1
2017 03 23 02 03  1.56 14.29 244           5.46                           15.9           1
2017 03 23 02 33  1.84 13.33 285           5.98                           15.9           1
2017 03 23 03 03  1.95 12.50 276           5.92                           15.9           1
2017 03 23 03 33  2.10 10.53 276           6.11                           15.9           1
2017 03 23 04 03  2.17  5.56 289           5.71                           15.8           1
2017 03 23 04 33  2.33  5.56 289           5.70                           15.8           1
2017 03 23 05 03  2.43  5.88 290           5.97                           15.7           1
2017 03 23 05 33  2.50  5.88 296           6.06                           15.6           1
2017 03 23 06 03  2.63  6.25 296           6.00                           15.6           1
2017 03 23 06 33  2.70  6.25 289           6.06                           15.6           1
2017 03 23 07 03  3.00  6.67 296           6.26                           15.6           1
2017 03 23 07 33  3.21  7.14 302           6.44                           15.5           1
2017 03 23 08 03  3.19  7.14 300           6.42                           15.5           1
2017 03 23 08 33  3.45  7.14 295           6.48                           15.5           1
2017 03 23 09 03  3.37  7.14 290           6.40                           15.5           1
2017 03 23 09 33  3.32  7.14 296           6.38                           15.4           1
2017 03 23 10 03  3.43  7.69 296           6.67                           15.4           1
2017 03 23 10 33  3.43  7.69 296           6.68                           15.4           1
2017 03 23 11 03  3.40  8.33 295           6.73                           15.3           1
2017 03 23 11 33  3.17  7.14 297           6.48                           15.2           1
2017 03 23 12 03  3.37  8.33 292           6.58                           15.2           1
2017 03 23 12 33  3.38  7.69 295           6.69                           15.2           1
2017 03 23 13 03  3.39  7.69 296           6.69                           15.1           1
2017 03 23 13 33  3.15  7.69 297           6.46                           15.1           1
2017 03 23 14 03  3.29  7.69 292           6.75                           15.0           1
2017 03 23 14 33  3.15  7.69 292           6.71                           15.1           1
2017 03 23 15 03  3.04  8.33 289           6.54                           15.1           1
2017 03 23 15 33  3.08  7.69 288           6.62                           15.1           1
2017 03 23 16 03  3.07  8.33 292           6.46                           15.0           1
2017 03 23 16 33  2.94  7.69 290           6.65                           15.0           1
2017 03 23 17 03  3.14  7.69 290           6.88                           15.0           1
2017 03 23 17 33  2.93  8.33 285           6.73                           15.0           1
2017 03 23 18 03  3.08  6.25 293           6.74                           15.1           1
2017 03 23 18 33  2.86  7.69 283           6.57                           15.0           1
2017 03 23 19 03  2.97  7.69 290           6.69                           15.0           1
2017 03 23 19 33  2.84  6.67 295           6.66                           15.0           1
2017 03 23 20 03  2.66  7.14 286           6.56                           15.1           1
2017 03 23 20 33  2.85  7.14 288           6.73                           15.0           1
2017 03 23 21 03  2.88  7.69 285           6.67                           15.0           1
2017 03 23 21 33  2.79  7.69 282           6.49                           15.1           1
2017 03 23 22 03  2.77  9.88 276           6.61                           15.0           1
2017 03 23 22 33  2.89  7.69 290           6.63                           15.1           1
2017 03 23 23 03  2.78  9.09 285           6.84                           15.0           1
2017 03 23 23 33  2.92  8.33 288           6.80                           15.0           1
2017 03 24 00 03  2.86  7.14 289           6.82                           15.0           1
2017 03 24 00 33  2.73  7.69 289           6.50                           15.0           1
2017 03 24 01 03  2.67  7.69 288           6.45                           15.0           1
2017 03 24 01 33  2.62  7.69 285           6.45                           15.0           1
2017 03 24 02 03  2.56  7.69 293           6.43                           15.0           1
2017 03 24 02 33  2.50  7.69 292           6.07                           15.0           1
2017 03 24 03 03  2.55 15.38 189           6.44                           15.0           1
2017 03 24 03 33  2.75  6.67 289           6.56                           15.0           1
2017 03 24 04 03  2.72  7.69 289           6.51                           15.0           1
2017 03 24 04 33  2.71  7.69 290           6.57                           15.0           1
2017 03 24 05 03  2.39 14.29 241           6.46                           15.0           1
2017 03 24 05 33  2.52  7.14 289           6.60                           15.0           1
2017 03 24 06 03  2.36  7.14 288           6.55                           15.0           1
2017 03 24 06 33  2.24  7.14 289           6.38                           15.0           1
2017 03 24 07 03  2.25 15.38 199           6.47                           15.0           1
2017 03 24 07 33  2.06  7.69 288           6.25                           15.0           1
2017 03 24 08 03  2.13  7.69 292           6.45                           15.0           1
2017 03 24 08 33  2.07 15.38 222           6.70                           15.0           1
2017 03 24 09 03  2.13 13.33 265           6.55                           15.1           1
2017 03 24 09 33  2.01 14.29 245           6.67                           15.1           1
2017 03 24 10 03  1.97  9.88 288           6.57                           15.1           1
2017 03 24 10 33  1.89 10.53 281           6.57                           15.1           1
2017 03 24 11 03  1.96 13.33 236           7.03                           15.1           1
2017 03 24 11 33  1.92 15.38 215           7.06                           15.1           1
2017 03 24 12 03  1.96 10.53 281           7.30                           15.1           1
2017 03 24 12 33  1.80 15.38 203           7.20                           15.1           1
2017 03 24 13 03  1.79 15.38 217           7.48                           15.1           1
2017 03 24 13 33  1.84 16.67 191           7.53                           15.1           1
2017 03 24 14 03  1.72 15.38 226           7.41                           15.1           1
2017 03 24 14 33  1.69 15.38 213           7.33                           15.0           1
2017 03 24 15 03  1.62 14.29 234           7.24                           15.0           1
2017 03 24 15 33  1.68 14.29 231           7.24                           15.1           1
2017 03 24 16 03  1.71 14.29 224           7.77                           15.1           1
2017 03 24 16 33  1.62 15.38 198           7.52                           15.2           1
2017 03 24 17 03  1.53 13.33 260           7.10                           15.3           1
2017 03 24 17 33  1.49 15.38 184           7.53                           15.4           1
2017 03 24 18 03  1.36 15.38 191           7.11                           15.4           1
2017 03 24 18 33  1.42 13.33 238           7.33                           15.6           1
2017 03 24 19 03  1.36 14.29 227           7.27                           15.8           1
2017 03 24 19 33  1.38 14.29 220           7.31                           16.2           1
2017 03 24 20 03  1.31 15.38 185           7.17                           16.5           1
2017 03 24 20 33  1.38 13.33 244           7.60                           16.3           1
2017 03 24 21 03  1.27 15.38 222           6.87                           16.1           1
2017 03 24 21 33  1.33 15.38 207           6.99                           15.9           1
2017 03 24 22 03  1.34 13.33 248           6.58                           15.6           1
2017 03 24 22 33  1.31 13.33 215           5.90                           15.5           1
2017 03 24 23 03  1.38 15.38 189           6.08                           15.4           1
2017 03 24 23 33  1.36 13.33 224           5.78                           15.4           1
2017 03 25 00 03  1.37 13.33 244           5.64                           15.2           1
2017 03 25 00 33  1.39 15.38 168           5.41                           15.2           1
2017 03 25 01 03  1.39 13.33 222           5.28                           15.2           1
2017 03 25 01 33  1.47 14.29 222           5.47                           15.1           1
2017 03 25 02 03  1.46 14.29 200           5.24                           15.1           1
2017 03 25 02 33  1.52 15.38 181           5.09                           15.2           1
2017 03 25 03 03  1.61 15.38 188           5.52                           15.2           1
2017 03 25 03 33  1.56 14.29 207           5.17                           15.2           1
2017 03 25 04 03  1.53 13.33 237           5.49                           15.2           1
2017 03 25 04 33  1.45 13.33 252           5.06                           15.2           1
2017 03 25 05 03  1.55 14.29 238           5.26                           15.2           1
2017 03 25 05 33  1.46 14.29 248           5.03                           15.2           1
2017 03 25 06 03  1.41 14.29 224           5.57                           15.2           1
2017 03 25 06 33  1.37 14.29 217           5.67                           15.2           1
2017 03 25 07 03  1.33 13.33 265           6.05                           15.2           1
2017 03 25 07 33  1.34 15.38 219           6.11                           15.3           1
2017 03 25 08 03  1.31 14.29 248           6.34                           15.3           1
2017 03 25 08 33  1.32 15.38 210           6.63                           15.3           1
2017 03 25 09 03  1.24 11.76 258           5.63                           15.3           1
2017 03 25 09 33  1.27 14.29 222           5.94                           15.2           1
2017 03 25 10 03  1.30 15.38 248           6.19                           15.2           1
2017 03 25 10 33  1.24 14.29 264           6.24                           15.2           1
2017 03 25 11 03  1.33 14.29 251           6.72                           15.2           1
2017 03 25 11 33  1.50 12.50 257           7.32                           15.2           1
2017 03 25 12 03  1.47  9.88 285           6.97                           15.2           1
2017 03 25 12 33  1.50 12.50 264           7.22                           15.2           1
2017 03 25 13 03  1.54 10.53 289           7.42                           15.1           1
2017 03 25 13 33  1.56  9.88 296           7.33                           15.1           1
2017 03 25 14 03  1.73  9.88 297           7.64                           15.1           1
2017 03 25 14 33  1.64  9.88 296           7.86                           15.1           1
2017 03 25 15 03  1.59 11.11 295           7.69                           15.1           1
2017 03 25 15 33  1.47  9.09 296           7.17                           15.1           1
2017 03 25 16 03  1.64  9.88 296           7.89                           15.1           1
2017 03 25 16 33  1.51 10.53 299           7.44                           15.1           1
2017 03 25 17 03  1.54  9.88 292           7.61                           15.1           1
2017 03 25 17 33  1.50 14.29 241           7.81                           15.2           1
2017 03 25 18 03  1.37 13.33 261           7.64                           15.5           1
2017 03 25 18 33  1.37 12.50 271           7.53                           15.5           1
2017 03 25 19 03  1.34 13.33 281           7.55                           15.8           1
2017 03 25 19 33  1.28 10.53 290           7.29                           16.0           1
2017 03 25 20 03  1.35 13.33 272           7.68                           15.9           1
2017 03 25 20 33  1.22 12.50 285           6.99                           15.6           1
2017 03 25 21 03  1.27 14.29 205           6.76                           15.6           1
2017 03 25 21 33  1.28 14.29 212           6.31                           15.6           1
2017 03 25 22 03  1.37 13.33 255           6.19                           15.4           1
2017 03 25 22 33  1.34  9.88 275           5.65                           15.5           1
2017 03 25 23 03  1.42 12.50 281           5.76                           15.4           1
2017 03 25 23 33  1.51 11.76 285           5.44                           15.4           1
2017 03 26 00 03  1.60 12.50 274           5.44                           15.4           1
2017 03 26 00 33  1.65 16.67 307           5.58                           15.4           1
2017 03 26 01 03  1.65 11.11 283           5.44                           15.3           1
2017 03 26 01 33  1.74 16.67 296           5.60                           15.2           1
2017 03 26 02 03  1.72 14.29 231           5.61                           15.2           1
2017 03 26 02 33  1.79 16.67 295           6.07                           15.2           1
2017 03 26 03 03  1.78 16.67 292           6.11                           15.2           1
2017 03 26 03 33  1.76 10.53 278           5.97                           15.3           1
2017 03 26 04 03  1.72 11.11 283           5.72                           15.3           1
2017 03 26 04 33  1.85 10.53 283           5.85                           15.3           1
2017 03 26 05 03  1.89 15.38 275           5.74                           15.3           1
2017 03 26 05 33  1.92 15.38 278           5.99                           15.3           1
2017 03 26 06 03  1.91 15.38 276           6.04                           15.3           1
2017 03 26 06 33  1.95 15.38 283           6.15                           15.3           1
2017 03 26 07 03  1.88  9.88 276           6.07                           15.3           1
2017 03 26 07 33  1.79  6.67 283           6.05                           15.3           1
2017 03 26 08 03  1.98  7.69 269           6.31                           15.2           1
2017 03 26 08 33  1.88 10.53 279           6.42                           15.2           1
2017 03 26 09 03  1.97 15.38 281           6.62                           15.2           1
2017 03 26 09 33  1.95 15.38 281           6.33                           15.2           1
2017 03 26 10 03  1.88  9.88 278           6.48                           15.1           1
2017 03 26 10 33  1.94  7.69 276           6.69                           15.1           1
2017 03 26 11 03  1.97  9.88 275           6.76                           15.1           1
2017 03 26 11 33  1.95 15.38 296           6.93                           15.1           1
2017 03 26 12 03  2.02 15.38 288           7.21                           15.1           1
2017 03 26 12 33  1.90 14.29 296           6.94                           15.1           1
2017 03 26 13 03  1.79  7.69 278           6.73                           15.1           1
2017 03 26 13 33  1.99 14.29 293           7.35                           15.1           1
2017 03 26 14 03  1.96 14.29 290           6.89                           15.1           1
2017 03 26 14 33  1.88 14.29 289           7.11                           15.1           1
2017 03 26 15 03  1.82 14.29 292           6.76                           15.2           1
2017 03 26 15 33  1.93 13.33 295           7.18                           15.2           1
2017 03 26 16 03  1.98 14.29 290           7.44                           15.4           1
2017 03 26 16 33  1.98 14.29 292           7.36                           15.5           1
2017 03 26 17 03  1.89 13.33 283           7.07                           15.5           1
2017 03 26 17 33  1.91 13.33 278           6.96                           15.5           1
2017 03 26 18 03  1.99 13.33 286           7.38                           15.5           1
2017 03 26 18 33  2.03 14.29 288           6.95                           15.5           1
2017 03 26 19 03  2.03 13.33 290           6.88                           15.6           1
2017 03 26 19 33  2.02 13.33 288           6.75                           15.5           1
2017 03 26 20 03  1.85 14.29 293           6.21                           15.6           1
2017 03 26 20 33  1.94 13.33 279           6.61                           15.5           1
2017 03 26 21 03  1.87 13.33 268           6.41                           15.5           1
2017 03 26 21 33  1.84 14.29 282           6.16                           15.5           1
2017 03 26 22 03  1.89 12.50 274           6.22                           15.5           1
2017 03 26 22 33  1.85 11.76 278           5.99                           15.5           1
2017 03 26 23 03  1.74 12.50 286           5.82                           15.5           1
2017 03 26 23 33  1.88 13.33 278           5.96                           15.4           1
2017 03 27 00 03  1.90 11.11 293           6.08                           15.5           1
2017 03 27 00 33  1.87 11.76 264           5.95                           15.4           1
2017 03 27 01 03  2.13 13.33 274           6.28                           15.4           1
2017 03 27 01 33  2.02 14.29 269           6.33                           15.4           1
2017 03 27 02 03  2.00 14.29 283           5.98                           15.3           1
2017 03 27 02 33  2.09 12.50 278           6.46                           15.3           1
2017 03 27 03 03  2.02 14.29 290           5.96                           15.2           1
2017 03 27 03 33  2.26 11.76 282           6.25                           15.2           1
2017 03 27 04 03  2.33  9.88 285           6.15                           15.2           1
2017 03 27 04 33  2.37  6.67 290           6.08                           15.2           1
2017 03 27 05 03  2.38 13.33 276           6.21                           15.2           1
2017 03 27 05 33  2.45  7.14 290           6.26                           15.2           1
2017 03 27 06 03  2.37 13.33 269           6.00                           15.2           1
2017 03 27 06 33  2.24  6.67 290           5.96                           15.2           1
2017 03 27 07 03  2.23  7.14 286           6.11                           15.2           1
2017 03 27 07 33  2.36  6.67 295           6.02                           15.2           1
2017 03 27 08 03  2.22  6.67 289           5.97                           15.3           1
2017 03 27 08 33  2.24  7.14 296           6.08                           15.4           1
2017 03 27 09 03  2.09  6.67 293           5.80                           15.4           1
2017 03 27 09 33  2.35  7.14 293           6.07                           15.4           1
2017 03 27 10 03  2.37  6.67 296           6.08                           15.4           1
2017 03 27 10 33  2.18  6.67 292           5.90                           15.4           1
2017 03 27 11 03  2.29  6.67 297           6.01                           15.4           1
2017 03 27 11 33  2.20  6.25 296           5.91                           15.4           1
2017 03 27 12 03  2.24  6.67 289           5.80                           15.4           1
2017 03 27 12 33  2.40  6.25 293           5.96                           15.4           1
2017 03 27 13 03  2.47  6.67 289           6.04                           15.4           1
2017 03 27 13 33  2.56  6.67 289           6.09                           15.3           1
2017 03 27 14 03  2.20  6.67 290           5.65                           15.3           1
2017 03 27 14 33  2.17 11.76 285           5.95                           15.2           1
2017 03 27 15 03  2.24  6.25 295           5.88                           15.2           1
2017 03 27 15 33  2.16 11.76 283           5.72                           15.2           1
2017 03 27 16 03  2.11 12.50 265           5.66                           15.2           1
2017 03 27 16 33  2.07  6.67 296           5.49                           15.2           1
2017 03 27 17 03  2.20  6.25 285           5.68                           15.2           1
2017 03 27 17 33  2.36  6.25 288           5.68                           15.3           1
2017 03 27 18 03  2.35  6.67 289           5.91                           15.3           1
2017 03 27 18 33  2.28  7.14 296           5.72                           15.3           1
2017 03 27 19 03  2.28  6.67 285           5.89                           15.4           1
2017 03 27 19 33  2.18  6.67 292           5.68                           15.4           1
2017 03 27 20 03  2.17  6.25 289           5.50                           15.4           1
2017 03 27 20 33  2.23  6.25 296           5.63                           15.4           1
2017 03 27 21 03  2.35  7.14 288           5.75                           15.4           1
2017 03 27 21 33  2.39  6.67 289           5.77                           15.4           1
2017 03 27 22 03  2.32  6.67 290           5.89                           15.4           1
2017 03 27 22 33  2.42  7.14 293           5.87                           15.4           1
2017 03 27 23 03  2.41  6.67 295           5.87                           15.4           1
2017 03 27 23 33  2.56  7.69 285           5.85                           15.4           1
2017 03 28 00 03  2.86  7.69 293           6.11                           15.4           1
2017 03 28 00 33  2.74  7.69 289           6.09                           15.4           1
2017 03 28 01 03  3.15  7.69 290           6.42                           15.4           1
2017 03 28 01 33  3.43  7.69 293           6.56                           15.4           1
2017 03 28 02 03  3.28  8.33 295           6.75                           15.4           1
2017 03 28 02 33  3.49  9.09 295           6.86                           15.4           1
2017 03 28 03 03  3.43  9.09 293           6.80                           15.4           1
2017 03 28 03 33  3.63  8.33 299           6.96                           15.4           1
2017 03 28 04 03  3.43  9.09 289           6.85                           15.4           1
2017 03 28 04 33  3.19  8.33 295           6.63                           15.3           1
2017 03 28 05 03  3.05  9.09 292           6.57                           15.3           1
2017 03 28 05 33  3.30  8.33 292           6.77                           15.2           1
2017 03 28 06 03  3.18  8.33 293           6.84                           15.3           1
2017 03 28 06 33  2.85  9.09 288           6.81                           15.2           1
2017 03 28 07 03  3.11  9.09 293           6.87                           15.2           1
2017 03 28 07 33  2.99  9.09 292           6.70                           15.2           1
2017 03 28 08 03  2.85  9.09 292           6.88                           15.2           1
2017 03 28 08 33  2.58  9.09 289           6.84                           15.2           1
2017 03 28 09 03  2.62  8.33 289           6.79                           15.2           1
2017 03 28 09 33  2.51  9.09 293           6.65                           15.2           1
2017 03 28 10 03  2.29  9.09 290           6.71                           15.2           1
2017 03 28 10 33  2.45  9.88 289           6.75                           15.2           1
2017 03 28 11 03  2.34  9.09 289           6.61                           15.1           1
2017 03 28 11 33  2.30  9.88 293           6.63                           15.1           1
2017 03 28 12 03  2.34  9.88 282           6.75                           15.1           1
2017 03 28 12 33  2.39  9.88 290           7.00                           15.1           1
2017 03 28 13 03  2.56  9.88 292           7.31                           15.1           1
2017 03 28 13 33  2.50  9.88 297           7.15                           15.1           1
2017 03 28 14 03  2.33 10.53 286           7.06                           15.1           1
2017 03 28 14 33  2.36  9.88 292           7.12                           15.1           1
2017 03 28 15 03  2.44  9.09 292           7.11                           15.1           1
2017 03 28 15 33  2.33  9.88 289           6.91                           15.1           1
2017 03 28 16 03  2.41 10.53 293           6.93                           15.1           1
2017 03 28 16 33  2.36 10.53 293           6.93                           15.1           1
2017 03 28 17 03  2.14  9.09 289           6.66                           15.1           1
2017 03 28 17 33  2.42  9.88 285           7.26                           15.1           1
2017 03 28 18 03  2.19  9.09 293           6.87                           15.1           1
2017 03 28 18 33  2.11  9.88 292           6.79                           15.1           1
2017 03 28 19 03  2.20 10.53 289           6.71                           15.2           1
2017 03 28 19 33  2.09  9.09 292           6.70                           15.2           1
2017 03 28 20 03  2.05  9.09 295           6.63                           15.2           1
2017 03 28 20 33  2.21  9.88 296           6.98                           15.2           1
2017 03 28 21 03  2.09  9.09 295           6.65                           15.3           1
2017 03 28 21 33  2.05  9.09 290           6.52                           15.4           1
2017 03 28 22 03  1.94  8.33 289           6.05                           15.3           1
2017 03 28 22 33  1.98 18.18 289           6.41                           15.4           1
2017 03 28 23 03  2.08 18.18 288           6.33                           15.3           1
2017 03 28 23 33  2.08  9.09 288           6.32                           15.3           1
2017 03 29 00 03  1.92 16.67 283           5.90                           15.4           1
2017 03 29 00 33  1.95  9.88 278           5.98                           15.3           1
2017 03 29 01 03  2.04 16.67 278           6.18                           15.3           1
2017 03 29 01 33  2.12 18.18 276           6.44                           15.3           1
2017 03 29 02 03  2.10 18.18 275           6.48                           15.3           1
2017 03 29 02 33  2.18 18.18 289           6.60                           15.2           1
2017 03 29 03 03  2.30 18.18 279           7.15                           15.2           1
2017 03 29 03 33  2.19 18.18 286           7.09                           15.2           1
2017 03 29 04 03  2.38  9.88 286           7.32                           15.2           1
2017 03 29 04 33  2.35 18.18 272           7.44                           15.2           1
2017 03 29 05 03  2.38 10.53 295           7.41                           15.2           1
2017 03 29 05 33  2.48 10.53 292           7.57                           15.2           1
2017 03 29 06 03  2.52 16.67 299           7.70                           15.2           1
2017 03 29 06 33  2.44  9.88 295           7.66                           15.2           1
2017 03 29 07 03  2.37  9.88 292           8.10                           15.3           1
2017 03 29 07 33  2.38 16.67 288           8.32                           15.2           1
2017 03 29 08 03  2.39  9.88 293           8.06                           15.2           1
2017 03 29 08 33  2.30 10.53 293           8.22                           15.2           1
2017 03 29 09 03  2.19 18.18 305           8.42                           15.2           1
2017 03 29 09 33  2.16 18.18 295           8.48                           15.2           1
2017 03 29 10 03  2.11 18.18 288           8.41                           15.2           1
2017 03 29 10 33  2.36 18.18 293           9.02                           15.2           1
2017 03 29 11 03  2.10 16.67 286           8.43                           15.2           1
2017 03 29 11 33  2.00 16.67 295           8.87                           15.2           1
2017 03 29 12 03  2.13 16.67 300           8.54                           15.2           1
2017 03 29 12 33  1.99 16.67 292           8.61                           15.2           1
2017 03 29 13 03  2.18 18.18 299           9.40                           15.2           1
2017 03 29 13 33  2.07 16.67 299           9.13                           15.2           1
2017 03 29 14 03  2.16 16.67 305           9.38                           15.2           1
2017 03 29 14 33  2.18 16.67 297           9.66                           15.2           1
2017 03 29 15 03  2.34 12.50 293           9.55                           15.2           1
2017 03 29 15 33  2.38 16.67 296           9.63                           15.1           1
2017 03 29 16 03  2.24 10.53 292           9.49                           15.1           1
2017 03 29 16 33  2.09 16.67 305           9.57                           15.2           1
2017 03 29 17 03  2.05 16.67 302           9.45                           15.4           1
2017 03 29 17 33  2.19 16.67 285           9.30                           15.6           1
2017 03 29 18 03  2.12 15.38 276           9.66                           16.0           1
2017 03 29 18 33  2.03 15.38 290           9.19                           15.9           1
2017 03 29 19 03  2.06 16.67 302           9.47                           16.4           1
2017 03 29 19 33  1.82 16.67 292           8.67                           16.4           1
2017 03 29 20 03  2.13 16.67 293           9.45                           16.2           1
2017 03 29 20 33  2.09 15.38 293           9.34                           16.6           1
2017 03 29 21 03  2.00 15.38 288           9.31                           16.8           1
2017 03 29 21 33  1.78 16.67 289           8.60                           16.9           1
2017 03 29 22 03  1.85 15.38 258           8.65                           16.7           1
2017 03 29 22 33  2.04 16.67 285           9.33                           16.4           1
2017 03 29 23 03  2.00 15.38 281           9.28                           16.2           1
2017 03 29 23 33  1.69 15.38 285           8.26                           16.4           1
2017 03 30 00 03  1.93 15.38 285           9.00                           16.5           1
2017 03 30 00 33  1.73 16.67 275           8.53                           16.6           1
2017 03 30 01 03  1.84 15.38 295           9.02                           16.4           1
2017 03 30 01 33  1.79 15.38 282           9.39                           16.3           1
2017 03 30 02 03  1.98 16.67 299           9.30                           16.2           1
2017 03 30 02 33  1.97 15.38 282           9.06                           16.1           1
2017 03 30 03 03  1.99 16.67 282           9.21                           16.0           1
2017 03 30 03 33  2.01 14.29 278           8.99                           16.1           1
2017 03 30 04 03  2.19 15.38 292           9.92                           16.0           1
2017 03 30 04 33  2.02 15.38 285           9.40                           15.9           1
2017 03 30 05 03  1.97 15.38 279           9.30                           15.8           1
2017 03 30 05 33  2.06 15.38 283           9.23                           15.8           1
2017 03 30 06 03  2.03 16.67 285           9.36                           15.8           1
2017 03 30 06 33  1.99 16.67 285           8.88                           15.8           1
2017 03 30 07 03  2.07 16.67 289           9.13                           15.8           1
2017 03 30 07 33  1.97 16.67 292           8.97                           15.8           1
2017 03 30 08 03  1.87 15.38 279           8.18                           15.8           1
2017 03 30 08 33  1.98 15.38 290           8.30                           15.8           1
2017 03 30 09 03  2.03 16.67 297           8.11                           15.7           1
2017 03 30 09 33  1.84 16.67 299           7.87                           15.8           1
2017 03 30 10 03  1.90 16.67 285           7.92                           15.7           1
2017 03 30 10 33  2.08 16.67 299           8.31                           15.7           1
2017 03 30 11 03  2.08 15.38 293           8.01                           15.6           1
2017 03 30 11 33  1.94 16.67 282           8.03                           15.6           1
2017 03 30 12 03  1.86 16.67 300           7.63                           15.6           1
2017 03 30 12 33  1.85 15.38 283           7.19                           15.5           1
2017 03 30 13 03  1.95 15.38 288           7.46                           15.5           1
2017 03 30 13 33  1.90 15.38 300           7.02                           15.4           1
2017 03 30 14 03  1.79 15.38 293           6.91                           15.3           1
2017 03 30 14 33  1.91 15.38 276           7.08                           15.2           1
2017 03 30 15 03  2.09 15.38 296           7.53                           15.2           1
2017 03 30 15 33  2.08 15.38 283           7.19                           15.1           1
2017 03 30 16 03  2.18 14.29 293           7.28                           15.1           1
2017 03 30 16 33  2.33 15.38 299           7.53                           15.2           1
2017 03 30 17 03  2.44 15.38 282           7.73                           15.3           1
2017 03 30 17 33  2.57 15.38 290           7.58                           15.3           1
2017 03 30 18 03  2.50 15.38 274           7.08                           15.3           1
2017 03 30 18 33  2.60 14.29 283           7.29                           15.3           1
2017 03 30 19 03  2.66 14.29 279           7.33                           15.3           1
2017 03 30 19 33  2.68 15.38 295           7.38                           15.3           1
2017 03 30 20 03  2.57 14.29 290           6.94                           15.3           1
2017 03 30 20 33  2.65 15.38 283           6.74                           15.3           1
2017 03 30 21 03  3.02  8.33 290           6.81                           15.3           1
2017 03 30 21 33  3.09  8.33 292           6.51                           15.4           1
2017 03 30 22 03  3.23  7.69 293           6.76                           15.3           1
2017 03 30 22 33  3.24  7.69 295           6.68                           15.2           1
2017 03 30 23 03  3.28  7.69 293           6.54                           15.2           1
2017 03 30 23 33  3.73  8.33 295           6.83                           15.2           1
2017 03 31 00 03  3.57  8.33 292           6.85                           15.1           1
2017 03 31 00 33  3.82  8.33 299           7.01                           15.0           1
2017 03 31 01 03  3.74  7.14 289           6.89                           15.0           1
2017 03 31 01 33  3.95  8.33 295           7.15                           15.0           1
2017 03 31 02 03  4.05  8.33 296           7.17                           14.9           1
2017 03 31 02 33  3.97  9.09 293           7.10                           14.9           1
2017 03 31 03 03  4.00  9.09 293           7.30                           14.9           1
2017 03 31 03 33  4.02  9.09 293           7.32                           14.9           1
2017 03 31 04 03  4.43  9.09 295           7.41                           14.9           1
2017 03 31 04 33  4.55  9.09 297           7.60                           14.9           1
2017 03 31 05 03  4.80  9.09 296           7.68                           14.9           1
2017 03 31 05 33  4.41  9.09 296           7.56                           14.9           1
2017 03 31 06 03  4.37  9.09 296           7.54                           14.9           1
2017 03 31 06 33  4.01  9.88 292           7.37                           14.8           1
2017 03 31 07 03  3.94  8.33 296           7.48                           14.8           1
2017 03 31 07 33  3.87  9.88 292           7.33                           14.8           1
2017 03 31 08 03  3.71  9.88 295           7.14                           14.8           1
2017 03 31 08 33  3.52  9.88 290           7.15                           14.8           1
2017 03 31 09 03  3.33  8.33 293           6.94                           14.8           1
2017 03 31 09 33  3.45  8.33 295           7.20                           14.8           1
2017 03 31 10 03  3.53  9.88 288           7.35                           14.8           1
2017 03 31 10 33  3.40  9.88 290           7.26                           14.8           1
2017 03 31 11 03  3.42  7.69 292           7.19                           14.8           1
2017 03 31 11 33  3.07  6.67 295           6.74                           14.8           1
2017 03 31 12 03  3.15  9.88 292           6.98                           14.8           1
2017 03 31 12 33  3.20 10.53 289           7.01                           14.8           1
2017 03 31 13 03  3.22  9.88 295           6.96                           14.8           1
2017 03 31 13 33  3.31 11.11 289           7.07                           14.8           1
2017 03 31 14 03  3.28  8.33 293           6.95                           14.8           1
2017 03 31 14 33  3.49  8.33 300           6.95                           14.8           1
2017 03 31 15 03  3.40  8.33 296           7.23                           14.8           1
2017 03 31 15 33  3.56 10.53 288           7.36                           14.8           1
2017 03 31 16 03  3.29  9.09 295           7.27                           14.8           1
2017 03 31 16 33  3.49  7.69 295           7.29                           14.8           1
2017 03 31 17 03  3.39  9.88 292           7.42                           14.8           1
2017 03 31 17 33  3.18  8.33 292           7.28                           14.8           1
2017 03 31 18 03  3.04 11.76 293           7.39                           14.8           1
2017 03 31 18 33  3.03 11.76 288           7.54                           14.8           1
2017 03 31 19 03  3.03  9.88 295           7.67                           14.9           1
2017 03 31 19 33  2.72 12.50 288           7.14                           14.9           1
2017 03 31 20 03  3.00 11.11 297           7.45                           14.9           1
2017 03 31 20 33  2.68 11.11 300           7.25                           14.9           1
2017 03 31 21 03  2.72 11.76 293           7.35                           14.9           1
2017 03 31 21 33  2.55 11.76 299           7.30                           14.9           1
2017 03 31 22 03  2.45 11.76 296           7.25                           15.0           1
2017 03 31 22 33  2.39 10.53 299           7.33                           15.0           1
2017 03 31 23 03  2.37 11.11 295           7.12                           15.0           1
2017 03 31 23 33  2.46 10.53 295           7.34                           15.0           1
2017 04 01 00 03  2.37 13.33 288           7.13                           15.0           1
2017 04 01 00 33  2.25 12.50 281           6.88                           15.0           1
2017 04 01 01 03  2.26 11.11 293           6.96                           14.9           1
2017 04 01 01 33  2.35 11.76 295           7.03                           14.9           1
2017 04 01 02 03  2.17 11.76 292           6.75                           14.9           1
2017 04 01 02 33  2.11 10.53 290           6.81                           14.9           1
2017 04 01 03 03  2.20 11.11 289           6.88                           14.9           1
2017 04 01 03 33  2.27 11.76 293           7.53                           14.9           1
2017 04 01 04 03  2.42 10.53 293           7.54                           14.9           1
2017 04 01 04 33  2.49 11.11 293           7.68                           14.9           1
2017 04 01 05 03  2.46 11.76 292           7.66                           14.8           1
2017 04 01 05 33  2.51 11.11 299           7.94                           14.9           1
2017 04 01 06 03  2.62 11.76 292           8.27                           14.8           1
2017 04 01 06 33  2.49 11.76 292           8.39                           14.8           1
2017 04 01 07 03  2.45 11.76 292           8.21                           14.8           1
2017 04 01 07 33  2.43 10.53 292           8.11                           14.8           1
2017 04 01 08 03  2.26 12.50 288           8.09                           14.8           1
2017 04 01 08 33  2.30 11.11 293           8.12                           14.8           1
2017 04 01 09 03  2.30 11.11 297           8.28                           14.8           1
2017 04 01 09 33  2.19 10.53 296           8.29                           14.8           1
2017 04 01 10 03  2.28 11.76 295           8.38                           14.8           1
2017 04 01 10 33  2.08 10.53 296           8.19                           14.8           1
2017 04 01 11 03  2.06 13.33 290           8.30                           14.8           1
2017 04 01 11 33  1.84 11.11 297           7.75                           14.8           1
2017 04 01 12 03  1.81 10.53 297           8.04                           14.8           1
2017 04 01 12 33  1.83 11.11 290           7.75                           14.8           1
2017 04 01 13 03  1.82 12.50 293           7.96                           14.8           1
2017 04 01 13 33  1.76 11.76 292           7.73                           14.8           1
2017 04 01 14 03  1.68  9.88 290           7.56                           14.8           1
2017 04 01 14 33  1.71 13.33 292           7.83                           14.8           1
2017 04 01 15 03  1.71 13.33 288           8.25                           14.8           1
2017 04 01 15 33  1.64 10.53 297           7.89                           14.8           1
2017 04 01 16 03  1.79 11.76 299           8.32                           14.9           1
2017 04 01 16 33  1.91 11.76 297           8.65                           15.0           1
2017 04 01 17 03  1.86 12.50 297           8.47                           15.0           1
2017 04 01 17 33  1.95 10.53 303           8.49                           15.2           1
2017 04 01 18 03  1.89 11.11 288           8.49                           15.5           1
2017 04 01 18 33  1.89 13.33 285           8.50                           15.9           1
2017 04 01 19 03  2.04 10.53 297           8.73                           16.4           1
2017 04 01 19 33  2.13 11.76 295           9.17                           16.5           1
2017 04 01 20 03  2.00 11.76 297           8.98                           16.6           1
2017 04 01 20 33  1.82 11.11 295           8.68                           16.9           1
2017 04 01 21 03  1.87 10.53 299           8.92                           17.0           1
2017 04 01 21 33  1.70 11.11 293           8.56                           16.5           1
2017 04 01 22 03  1.65 11.76 296           8.64                           16.5           1
2017 04 01 22 33  1.62 12.50 283           8.51                           16.6           1
2017 04 01 23 03  1.77 10.53 296           8.89                           16.2           1
2017 04 01 23 33  1.62 13.33 279           8.51                           16.1           1
2017 04 02 00 03  1.46 13.33 286           8.58                           15.9           1
2017 04 02 00 33  1.45 12.50 295           8.08                           15.9           1
2017 04 02 01 03  1.40 10.53 296           7.86                           15.8           1
2017 04 02 01 33  1.42 10.53 300           7.80                           15.6           1
2017 04 02 02 03  1.46 10.53 293           7.91                           15.5           1
2017 04 02 02 33  1.44 12.50 281           7.69                           15.4           1
2017 04 02 03 03  1.47 10.53 297           7.66                           15.4           1
2017 04 02 03 33  1.43 11.11 288           7.40                           15.2           1
2017 04 02 04 03  1.46 13.33 275           7.34                           15.2           1
2017 04 02 04 33  1.72 10.53 296           8.24                           15.1           1
2017 04 02 05 03  1.59 11.11 286           7.82                           15.1           1
2017 04 02 05 33  1.55 10.53 297           8.12                           15.1           1
2017 04 02 06 03  1.83 13.33 283           8.80                           15.1           1
2017 04 02 06 33  1.46 14.29 281           7.68                           15.1           1
2017 04 02 07 03  1.55 14.29 258           8.24                           15.1           1
2017 04 02 07 33  1.42 13.33 293           7.75                           15.1           1
2017 04 02 08 03  1.38 13.33 290           7.97                           15.1           1
2017 04 02 08 33  1.41 13.33 275           7.89                           15.1           1
2017 04 02 09 03  1.46 13.33 275           8.01                           15.1           1
2017 04 02 09 33  1.45 12.50 279           8.07                           15.0           1
2017 04 02 10 03  1.47 14.29 278           8.10                           15.0           1
2017 04 02 10 33  1.44 13.33 269           8.21                           15.0           1
2017 04 02 11 03  1.38 13.33 269           8.00                           15.0           1
2017 04 02 11 33  1.37 14.29 254           8.01                           15.1           1
2017 04 02 12 03  1.42 13.33 274           8.17                           15.0           1
2017 04 02 12 33  1.21 12.50 285           7.39                           15.0           1
2017 04 02 13 03  1.29 12.50 272           7.46                           15.1           1
2017 04 02 13 33  1.26 13.33 264           7.24                           15.1           1
2017 04 02 14 03  1.23 12.50 271           6.99                           15.1           1
2017 04 02 14 33  1.25 13.33 264           7.12                           15.1           1
2017 04 02 15 03  1.23 14.29 262           6.71                           15.1           1
2017 04 02 15 33  1.25 15.38 209           6.42                           15.1           1
2017 04 02 16 03  1.26 12.50 275           6.22                           15.1           1
2017 04 02 16 33  1.34 14.29 224           6.48                           15.1           1
2017 04 02 17 03  1.34 13.33 267           6.60                           15.2           1
2017 04 02 17 33  1.26 12.50 257           6.26                           15.2           1
2017 04 02 18 03  1.42 13.33 267           6.45                           15.2           1
2017 04 02 18 33  1.37 12.50 271           6.48                           15.2           1
2017 04 02 19 03  1.41 15.38 182           6.50                           15.2           1
2017 04 02 19 33  1.45 20.00 324           7.16                           15.2           1
2017 04 02 20 03  1.43 13.33 247           6.92                           15.2           1
2017 04 02 20 33  1.47 20.00 328           7.67                           15.3           1
2017 04 02 21 03  1.46 20.00 302           7.38                           15.4           1
2017 04 02 21 33  1.56 10.53 290           7.68                           15.5           1
2017 04 02 22 03  1.52 20.00 299           7.39                           15.5           1
2017 04 02 22 33  1.59 18.18 293           7.99                           15.5           1
2017 04 02 23 03  1.51 12.50 260           7.74                           15.5           1
2017 04 02 23 33  1.53 18.18 296           7.46                           15.5           1
2017 04 03 00 03  1.61 20.00 289           8.03                           15.4           1
2017 04 03 00 33  1.61 20.00 303           7.74                           15.4           1
2017 04 03 01 03  1.50 18.18 302           7.90                           15.4           1
2017 04 03 01 33  1.64 18.18 282           8.19                           15.3           1
2017 04 03 02 03  1.52 18.18 283           7.91                           15.2           1
2017 04 03 02 33  1.68 18.18 296           8.46                           15.2           1
2017 04 03 03 03  1.83 18.18 292           9.41                           15.2           1
2017 04 03 03 33  1.72 18.18 292           8.18                           15.2           1
2017 04 03 04 03  1.71 18.18 303           8.16                           15.2           1
2017 04 03 04 33  1.81 18.18 303           8.46                           15.2           1
2017 04 03 05 03  1.86 18.18 297           8.84                           15.2           1
2017 04 03 05 33  2.03 18.18 299           9.51                           15.2           1
2017 04 03 06 03  2.01 18.18 302           8.93                           15.2           1
2017 04 03 06 33  2.01 18.18 296           8.84                           15.2           1
2017 04 03 07 03  2.06 18.18 312           8.76                           15.2           1
2017 04 03 07 33  1.97 18.18 307           8.46                           15.1           1
2017 04 03 08 03  2.04 16.67 303           8.75                           15.1           1
2017 04 03 08 33  1.95 16.67 303           8.48                           15.1           1
2017 04 03 09 03  2.12 18.18 309           9.46                           15.1           1
2017 04 03 09 33  2.05 18.18 300           9.04                           15.1           1
2017 04 03 10 03  1.90 18.18 288           9.10                           15.1           1
2017 04 03 10 33  2.09 16.67 292           9.61                           15.1           1
2017 04 03 11 03  2.14 18.18 297           9.48                           15.1           1
2017 04 03 11 33  2.17 16.67 297           9.62                           15.1           1
2017 04 03 12 03  2.14 16.67 296          10.07                           15.1           1
2017 04 03 12 33  2.00 16.67 286          10.03                           15.1           1
2017 04 03 13 03  1.83 15.38 278           9.38                           15.1           1
2017 04 03 13 33  1.88 15.38 278          10.08                           15.1           1
2017 04 03 14 03  2.07 18.18 299          10.77                           15.1           1
2017 04 03 14 33  1.74 16.67 286           9.90                           15.1           1
2017 04 03 15 03  1.74 18.18 290           9.93                           15.1           1
2017 04 03 15 33  1.85 16.67 289          10.82                           15.0           1
2017 04 03 16 03  1.88 15.38 278          10.50                           15.1           1
2017 04 03 16 33  1.72 16.67 290          10.69                           15.1           1
2017 04 03 17 03  1.65 16.67 303          10.15                           15.2           1
2017 04 03 17 33  1.81 16.67 305          10.87                           15.2           1
2017 04 03 18 03  2.03 15.38 296          11.27                           15.2           1
2017 04 03 18 33  2.02 16.67 289          11.11                           15.3           1
2017 04 03 19 03  2.09 15.38 290          11.03                           15.2           1
2017 04 03 19 33  1.73 16.67 289          10.15                           15.4           1
2017 04 03 20 03  1.90 16.67 289          10.53                           15.5           1
2017 04 03 20 33  1.97 15.38 305          11.19                           15.5           1
2017 04 03 21 03  1.92 15.38 293          10.60                           15.5           1
2017 04 03 21 33  1.86 14.29 283          10.90                           15.5           1
2017 04 03 22 03  1.89 16.67 283          10.89                           15.5           1
2017 04 03 22 33  1.95 14.29 283          10.98                           15.5           1
2017 04 03 23 03  1.95 15.38 283          11.08                           15.5           1
2017 04 03 23 33  1.88 15.38 295          10.84                           15.6           1
2017 04 04 00 03  1.76 15.38 272           9.89                           15.5           1
2017 04 04 00 33  2.32 16.67 268          11.82                           15.5           1
2017 04 04 01 03  1.87 14.29 278          10.12                           15.4           1
2017 04 04 01 33  1.96 16.67 261          10.11                           15.4           1
2017 04 04 02 03  1.85 14.29 293           9.65                           15.4           1
2017 04 04 02 33  1.83 15.38 272           9.89                           15.4           1
2017 04 04 03 03  1.74 15.38 275           8.97                           15.4           1
2017 04 04 03 33  1.77 13.33 278           9.60                           15.3           1
2017 04 04 04 03  1.72 15.38 258           9.31                           15.3           1
2017 04 04 04 33  1.80 15.38 264           9.89                           15.2           1
2017 04 04 05 03  1.87 15.38 275          10.39                           15.3           1
2017 04 04 05 33  1.78 13.33 283           9.90                           15.3           1
2017 04 04 06 03  2.00 14.29 271          10.40                           15.2           1
2017 04 04 06 33  2.12 15.38 272          10.49                           15.2           1
2017 04 04 07 03  2.10 15.38 278          10.19                           15.3           1
2017 04 04 07 33  2.08 15.38 292          10.08                           15.3           1
2017 04 04 08 03  2.21 15.38 307          10.06                           15.3           1
2017 04 04 08 33  2.11 15.38 283          10.24                           15.3           1
2017 04 04 09 03  2.01 16.67 282          10.29                           15.2           1
2017 04 04 09 33  1.81 15.38 306           9.59                           15.3           1
2017 04 04 10 03  2.14 15.38 275          10.66                           15.3           1
2017 04 04 10 33  1.89 15.38 288          10.00                           15.3           1
2017 04 04 11 03  1.96 15.38 282          10.55                           15.3           1
2017 04 04 11 33  1.82 15.38 272           9.80                           15.3           1
2017 04 04 12 03  1.99 15.38 285          10.23                           15.4           1
2017 04 04 12 33  1.77 12.50 272           9.64                           15.4           1
2017 04 04 13 03  2.01 15.38 274          10.43                           15.4           1
2017 04 04 13 33  1.77 14.29 289           9.55                           15.4           1
2017 04 04 14 03  1.95 13.33 274          10.15                           15.4           1
2017 04 04 14 33  1.71 14.29 265           9.72                           15.4           1
2017 04 04 15 03  1.76 14.29 269           9.67                           15.4           1
2017 04 04 15 33  1.64 13.33 275           9.27                           15.4           1
2017 04 04 16 03  1.38 15.38 272           8.65                           15.4           1
2017 04 04 16 33  1.56 13.33 271           9.28                           15.4           1
2017 04 04 17 03  1.63 15.38 252           9.97                           15.5           1
2017 04 04 17 33  1.50 14.29 260           9.03                           15.6           1
2017 04 04 18 03  1.55 13.33 278           9.56                           15.9           1
2017 04 04 18 33  1.49 14.29 286           9.25                           16.0           1
2017 04 04 19 03  1.46 14.29 261           9.18                           16.1           1
2017 04 04 19 33  1.62 13.33 286           9.64                           16.2           1
2017 04 04 20 03  1.48 15.38 265           9.12                           16.7           1
2017 04 04 20 33  1.59 13.33 278           9.68                           16.7           1
2017 04 04 21 03  1.62 14.29 276           9.69                           17.1           1
2017 04 04 21 33  1.60 13.33 268           9.87                           17.4           1
2017 04 04 22 03  1.76 14.29 244          10.23                           18.1           1
2017 04 04 22 33  1.60 13.33 264          10.12                           17.1           1
2017 04 04 23 03  1.55 14.29 244           9.99                           16.9           1
2017 04 04 23 33  1.36 15.38 241           9.04                           16.9           1
2017 04 05 00 03  1.70 14.29 269          10.15                           16.5           1
2017 04 05 00 33  1.58 14.29 269           9.16                           16.4           1
2017 04 05 01 03  1.66 14.29 247           9.34                           16.1           1
2017 04 05 01 33  1.90 14.29 262           9.87                           16.1           1
2017 04 05 02 03  1.58 14.29 241           8.52                           16.0           1
2017 04 05 02 33  1.54 14.29 241           8.95                           15.9           1
2017 04 05 03 03  1.55 14.29 255           9.06                           15.6           1
2017 04 05 03 33  1.38 14.29 254           8.46                           15.7           1
2017 04 05 04 03  1.35 14.29 261           9.07                           15.7           1
2017 04 05 04 33  1.42 13.33 267           9.29                           15.5           1
2017 04 05 05 03  1.39 13.33 255           9.47                           15.6           1
2017 04 05 05 33  1.23 14.29 241           8.61                           15.6           1
2017 04 05 06 03  1.27 13.33 254           9.02                           15.5           1
2017 04 05 06 33  1.32 12.50 276           9.00                           15.5           1
2017 04 05 07 03  1.32 13.33 254           8.89                           15.5           1
2017 04 05 07 33  1.33 13.33 264           8.91                           15.4           1
2017 04 05 08 03  1.41 14.29 264           9.55                           15.4           1
2017 04 05 08 33  1.28 14.29 289           8.81                           15.5           1
2017 04 05 09 03  1.54 13.33 268           9.73                           15.5           1
2017 04 05 09 33  1.51 13.33 285           9.78                           15.5           1
2017 04 05 10 03  1.45 13.33 267           9.72                           15.5           1
2017 04 05 10 33  1.48 14.29 240           9.72                           15.5           1
2017 04 05 11 03  1.32 14.29 227           9.45                           15.5           1
2017 04 05 11 33  1.33 14.29 258           9.23                           15.4           1
2017 04 05 12 03  1.23 13.33 252           8.82                           15.4           1
2017 04 05 12 33  1.28 14.29 261           9.36                           15.4           1
2017 04 05 13 03  1.33 13.33 271           9.56                           15.4           1
2017 04 05 13 33  1.22 14.29 238           8.73                           15.4           1
2017 04 05 14 03  1.34 11.76 278           9.44                           15.4           1
2017 04 05 14 33  1.29 14.29 247           9.30                           15.4           1
2017 04 05 15 03  1.21 12.50 260           8.87                           15.4           1
2017 04 05 15 33  1.35 13.33 251           9.36                           15.4           1
2017 04 05 16 03  1.28 13.33 244           9.30                           15.4           1
2017 04 05 16 33  1.03 14.29 230           8.61                           15.5           1
2017 04 05 17 03  1.20 14.29 243           9.48                           15.8           1
2017 04 05 17 33  1.08 13.33 264           9.15                           15.9           1
2017 04 05 18 03  1.05 15.38 230           8.72                           16.1           1
2017 04 05 18 33  1.09 13.33 261           8.94                           16.5           1
2017 04 05 19 03  1.03 12.50 248           8.90                           16.8           1
2017 04 05 19 33  1.00 14.29 233           8.55                           17.0           1
2017 04 05 20 03  1.07 13.33 248           9.12                           17.4           1
2017 04 05 20 33  0.94 13.33 257           8.56                           17.5           1
2017 04 05 21 03  1.09 14.29 216           9.70                           17.5           1
2017 04 05 21 33  1.06 12.50 267           9.77                           17.2           1
2017 04 05 22 03  1.02 14.29 210           8.28                           16.5           1
2017 04 05 22 33  0.98 13.33 233           7.02                           16.4           1
2017 04 05 23 03  1.00 13.33 251           6.64                           16.1           1
2017 04 05 23 33  1.16 12.50 252           7.47                           16.1           1
2017 04 06 00 03  1.15 14.29 234           7.19                           16.1           1
2017 04 06 00 33  1.15 12.50 286           7.36                           16.0           1
2017 04 06 01 03  1.06 14.29 200           6.99                           15.9           1
2017 04 06 01 33  1.20 14.29 207           8.23                           15.9           1
2017 04 06 02 03  1.09 14.29 207           8.00                           15.9           1
2017 04 06 02 33  1.14 13.33 212           8.26                           15.9           1
2017 04 06 03 03  1.17 13.33 203           8.68                           16.0           1
2017 04 06 03 33  1.17 12.50 269           8.57                           15.9           1
2017 04 06 04 03  1.16 13.33 200           8.84                           15.8           1
2017 04 06 04 33  1.14 12.50 255           8.54                           15.8           1
2017 04 06 05 03  1.11 13.33 240           8.88                           15.9           1
2017 04 06 05 33  1.03 15.38 241           8.44                           15.8           1
2017 04 06 06 03  1.01 15.38 224           8.63                           15.8           1
2017 04 06 06 33  1.09 11.11 278           9.35                           15.8           1
2017 04 06 07 03  1.08 13.33 229           9.38                           15.9           1
2017 04 06 07 33  1.13 11.76 245           9.96                           15.9           1
2017 04 06 08 03  1.18 12.50 264           9.83                           15.9           1
2017 04 06 08 33  1.30 15.38 288          10.34                           15.8           1
2017 04 06 09 03  1.23 15.38 288          10.48                           15.8           1
2017 04 06 09 33  1.19 15.38 293          10.58                           15.9           1
2017 04 06 10 03  1.24 15.38 299          10.51                           15.8           1
2017 04 06 10 33  1.31 15.38 285          11.16                           15.7           1
2017 04 06 11 03  1.16 15.38 300          10.55                           15.6           1
2017 04 06 11 33  1.29 15.38 300          11.42                           15.7           1
2017 04 06 12 03  1.29 15.38 295          11.30                           15.7           1
2017 04 06 12 33  1.24 15.38 290          10.95                           15.7           1
2017 04 06 13 03  1.24 14.29 286          11.31                           15.7           1
2017 04 06 13 33  1.23 15.38 289          10.71                           15.7           1
2017 04 06 14 03  1.24 14.29 292          10.65                           15.6           1
2017 04 06 14 33  1.18 14.29 281          10.80                           15.6           1
2017 04 06 15 03  1.31 14.29 286          11.32                           15.7           1
2017 04 06 15 33  1.15 14.29 278          10.33                           15.7           1
2017 04 06 16 03  1.17 14.29 300          10.55                           15.7           1
2017 04 06 16 33  1.02 14.29 295           9.93                           15.8           1
2017 04 06 17 03  1.21 14.29 257          11.02                           15.9           1
2017 04 06 17 33  1.06 14.29 258          10.08                           15.9           1
2017 04 06 18 03  1.21 14.29 258          10.96                           16.0           1
2017 04 06 18 33  1.15 15.38 231          10.69                           16.5           1
2017 04 06 19 03  1.23 14.29 286          11.13                           16.5           1
2017 04 06 19 33  1.11 14.29 282          10.74                           17.0           1
2017 04 06 20 03  1.32 14.29 265          11.34                           17.1           1
2017 04 06 20 33  1.24 14.29 285          11.39                           17.0           1
2017 04 06 21 03  1.20 14.29 288          11.39                           16.9           1
2017 04 06 21 33  1.06 13.33 282          10.94                           16.9           1
2017 04 06 22 03  1.27 13.33 295          11.73                           16.8           1
2017 04 06 22 33  1.26 13.33 300          11.48                           16.6           1
2017 04 06 23 03  1.36 14.29 271          11.60                           16.5           1
2017 04 06 23 33  1.54 14.29 297          12.01                           16.5           1
2017 04 07 00 03  1.52 14.29 292          11.97                           16.6           1
2017 04 07 00 33  1.23 14.29 282          10.84                           16.5           1
2017 04 07 01 03  1.61 12.50 285          11.82                           16.4           1
2017 04 07 01 33  1.52 14.29 288          11.87                           16.2           1
2017 04 07 02 03  1.68 13.33 292          11.72                           16.1           1
2017 04 07 02 33  1.41 13.33 283          10.73                           16.1           1
2017 04 07 03 03  1.53 14.29 274          11.09                           16.1           1
2017 04 07 03 33  1.65 14.29 267          11.23                           16.1           1
2017 04 07 04 03  1.56 13.33 285          10.66                           16.0           1
2017 04 07 04 33  1.77 14.29 278          11.17                           16.0           1
2017 04 07 05 03  1.53 12.50 292          10.38                           16.0           1
2017 04 07 05 33  1.54 14.29 271          10.48                           16.0           1
2017 04 07 06 03  1.66 13.33 289          11.22                           15.9           1
2017 04 07 06 33  1.58 13.33 302          10.87                           15.9           1
2017 04 07 07 03  1.43 13.33 293          10.37                           16.0           1
2017 04 07 07 33  1.66 14.29 278          11.05                           15.9           1
2017 04 07 08 03  1.84 13.33 292          11.24                           15.8           1
2017 04 07 08 33  1.80 13.33 295          11.17                           15.6           1
2017 04 07 09 03  1.80 13.33 303          11.27                           15.6           1
2017 04 07 09 33  1.97 13.33 296          11.32                           15.6           1
2017 04 07 10 03  1.84 13.33 293          11.25                           15.7           1
2017 04 07 10 33  1.85 12.50 282          11.41                           15.7           1
2017 04 07 11 03  2.05 13.33 299          11.80                           15.8           1
2017 04 07 11 33  1.74 14.29 288          11.26                           15.9           1
2017 04 07 12 03  1.80 13.33 293          11.50                           15.9           1
2017 04 07 12 33  2.05 13.33 295          11.50                           15.9           1
2017 04 07 13 03  1.91 13.33 297          11.80                           15.9           1
2017 04 07 13 33  1.80 13.33 293          11.68                           15.9           1
2017 04 07 14 03  1.93 13.33 296          11.65                           15.9           1
2017 04 07 14 33  1.77 13.33 296          11.37                           15.9           1
2017 04 07 15 03  1.80 12.50 286          11.47                           15.9           1
2017 04 07 15 33  1.58 14.29 267          11.19                           16.0           1
2017 04 07 16 03  1.70 13.33 274          11.25                           16.0           1
2017 04 07 16 33  1.44 12.50 292          10.36                           16.1           1
